id,zonepolygon
13941,"POLYGON ((14.341736022847499 45.33887787804498, 14.32697314442953 45.358060025857036, 14.303627197163905 45.350460329770286, 14.287834350484218 45.335740556219505, 14.300880615132655 45.32113765626687, 14.341736022847499 45.33887787804498))"
31284,"POLYGON ((14.546683616577315 45.01232965577635, 14.556983299194503 45.03938582821344, 14.562991447387862 45.045086618568604, 14.584792442260909 45.04617819447229, 14.60075695031755 45.04338857020566, 14.608825035034346 45.05102939092296, 14.621871299682784 45.05090811602617, 14.62496120446794 45.04072010665972, 14.611914939819503 45.02737592199683, 14.626677818237471 45.01766910605767, 14.61345989221208 45.00783927814977, 14.546683616577315 45.01232965577635))"
13942,"POLYGON ((13.791733597623534 45.60429853299451, 13.824101338264882 45.606505231062904, 13.843327412483632 45.627637308576865, 13.865300068733632 45.623795705008604, 13.899632344124257 45.642521035818476, 13.863240132210194 45.66459928170712, 13.829594502327382 45.695302362247375, 13.80418861853832 45.70825017120346, 13.77946938025707 45.70968863154842, 13.766423115608632 45.703455036028664, 13.673725972053944 45.74755476480345, 13.666172871468007 45.73797082869184, 13.742390522835194 45.62475613058153, 13.791733597623534 45.60429853299451))"
31285,"POLYGON ((14.698237801306373 45.16036410666978, 14.731196785681373 45.17537142602816, 14.616526985876686 45.24648133801616, 14.567775154821998 45.28321078152941, 14.543055916540748 45.27209779969753, 14.602107430212623 45.232943447361144, 14.600047493689186 45.21891866012487, 14.698237801306373 45.16036410666978))"
13940,"POLYGON ((14.330309988715726 45.35469392266478, 14.337176443793851 45.3609662919805, 14.355372549750882 45.35445266380586, 14.356059195258695 45.35963950260881, 14.366702200629788 45.36030290118381, 14.369620444037992 45.36374038740035, 14.366358877875882 45.366514346796954, 14.369963766791898 45.36832337746852, 14.390563132026273 45.36036320975945, 14.432963492133695 45.38418006956589, 14.448498846747952 45.35909671617108, 14.454506994941312 45.361689982160314, 14.462231756904202 45.35789050544503, 14.467724920966702 45.3589157862014, 14.473561407783109 45.3542717189867, 14.474293355513055 45.34760693567637, 14.477726583052117 45.342358666299276, 14.482962255049188 45.340005835874656, 14.487253789473016 45.33330878334874, 14.506014035361659 45.324386976698854, 14.513395474570643 45.31955902067299, 14.520519421714198 45.317567368954094, 14.527986691611659 45.31732595186749, 14.531591580527675 45.315333273384525, 14.57794015230502 45.29335924042017, 14.53202073397006 45.266060948688704, 14.494598553794278 45.28399958024329, 14.471510098594083 45.28230863822239, 14.47957818331088 45.29951765808148, 14.478462384360684 45.303622898289056, 14.472711728232754 45.30054399600085, 14.470480130332364 45.30187217043595, 14.466875241416348 45.3059772401602, 14.432886288779628 45.31973912824975, 14.341926102572415 45.33895834619674, 14.330309988715726 45.35469392266478))"
13939,"POLYGON ((15.777107735123543 45.674841315143034, 15.900703926529793 45.667164317298386, 16.123177071061043 45.67867941918667, 16.10257770582666 45.78220872219024, 16.095711250748536 45.88172224305655, 16.06412555738916 45.933322548050505, 16.029793281998536 45.939052954384195, 15.886971016373536 45.88459018506999, 15.825172920670411 45.844425524139524, 15.830666084732911 45.78986992563906, 15.792213936295418 45.74292852862456, 15.777107735123543 45.674841315143034))"
31282,"POLYGON ((13.615250395796323 45.095359708638284, 13.633446501753355 45.107355341044105, 13.666405486128355 45.09014869937671, 13.657307433149839 45.06166152794475, 13.620743559858823 45.06141902298735, 13.615250395796323 45.095359708638284))"
31283,"POLYGON ((13.583495266269452 45.250617224771155, 13.608557827304608 45.261251101595995, 13.637396938632733 45.248441868287514, 13.640143520663983 45.215317821665664, 13.578002102206952 45.2058848184429, 13.583495266269452 45.250617224771155))"
13938,"POLYGON ((13.835454866202781 44.80883453837404, 13.90514938524575 44.835621507617944, 13.930356807179692 44.87136122295762, 13.95438939995313 44.89665992997839, 13.897741145558598 44.907603037496166, 13.812940425343754 44.91392477243389, 13.76109868950391 44.8686847475839, 13.835454866202781 44.80883453837404))"
13943,"POLYGON ((14.446509182779778 46.0001253418048, 14.568732083170403 45.99320865648433, 14.601691067545403 46.097344309488236, 14.515173733561028 46.15159803081981, 14.419043362467278 46.127809117057936, 14.405310452311028 46.095439699866596, 14.446509182779778 46.0001253418048))"
31286,"POLYGON ((14.436546518188473 45.066734927706335, 14.481865121704098 45.07788805387989, 14.521690561157223 45.05606468341139, 14.501091195922848 45.008509402211345, 14.412513925415036 45.063340065984626, 14.436546518188473 45.066734927706335))"
109606,"POLYGON ((14.62366143521935 45.03877778173833, 14.630699551674429 45.044963785252335, 14.642029202553335 45.04666178685928, 14.639454281899038 45.0099009215768, 14.62194482144982 45.00358975268805, 14.61919823941857 45.01087180891974, 14.62692300138146 45.01803159481006, 14.62366143521935 45.03877778173833))"
109609,"POLYGON ((14.524367862402086 45.13667389131996, 14.535182529150132 45.134736369913924, 14.54599719589818 45.12553224423588, 14.545825534521226 45.11123868469933, 14.519733005224351 45.10554449015177, 14.487632327734117 45.11402499842828, 14.483855777441148 45.123473223372116, 14.492953830419664 45.12795452657672, 14.524367862402086 45.13667389131996))"
109608,"POLYGON ((14.674917152622617 45.0832107732972, 14.665647438267149 45.07678646703788, 14.665647438267149 45.07036143843679, 14.672170570591367 45.06551188194311, 14.679895332554258 45.06611809900569, 14.688306740024961 45.07242237535607, 14.686418464878477 45.076544026243184, 14.674917152622617 45.0832107732972))"
109607,"POLYGON ((14.776760333780894 44.96518589287979, 14.772983783487925 44.97502303843115, 14.7386515080973 44.98170161995281, 14.72715019584144 44.98012311634149, 14.719253772501597 44.96688626086399, 14.75461601615394 44.949029883227595, 14.761654132609019 44.95036626710204, 14.776760333780894 44.96518589287979))"
109610,"POLYGON ((14.857276291844332 45.04903993757777, 14.89006361484238 45.05886269190163, 14.914611191746676 44.98921814674419, 14.930060715672457 44.9771977160006, 14.918731064793551 44.96614641010401, 14.885257096287692 44.99103920426333, 14.857276291844332 45.04903993757777))"
110072,"POLYGON ((14.537603235547865 45.172589798108824, 14.560090875928724 45.178277300708814, 14.551851129834974 45.148018102142814, 14.533655023877943 45.14717061327687, 14.520608759229505 45.14753382433375, 14.516660547559583 45.155039668018716, 14.537431574170911 45.17343690896496, 14.537603235547865 45.172589798108824))"
36919,"POLYGON ((14.581886593448694 45.025075186028, 14.58173769060492 45.0253292678118, 14.58137820734 45.0254345119326, 14.581018724075081 45.0253292678118, 14.580869821231307 45.025075186028, 14.581018724075081 45.0248211042442, 14.58137820734 45.02471586012339, 14.58173769060492 45.0248211042442, 14.581886593448694 45.025075186028))"
86141,"POLYGON ((14.689963363023965 45.173386621848, 14.689814072901171 45.173640703631804, 14.689453654662 45.17374594775261, 14.689093236422828 45.173640703631804, 14.688943946300034 45.173386621848, 14.689093236422828 45.1731325400642, 14.689453654662 45.1730272959434, 14.689814072901171 45.1731325400642, 14.689963363023965 45.173386621848))"
57139,"POLYGON ((14.628340219630191 45.020260080987, 14.628191329309505 45.0205141627708, 14.627831876278 45.020619406891605, 14.627472423246495 45.0205141627708, 14.627323532925809 45.020260080987, 14.627472423246495 45.0200059992032, 14.627831876278 45.019900755082396, 14.628191329309505 45.0200059992032, 14.628340219630191 45.020260080987))"
55022,"POLYGON ((14.255045720305002 45.237558548731, 14.254896261676922 45.2378126305148, 14.25453543663 45.237917874635606, 14.254174611583078 45.2378126305148, 14.254025152954998 45.237558548731, 14.254174611583078 45.2373044669472, 14.25453543663 45.2371992228264, 14.254896261676922 45.2373044669472, 14.255045720305002 45.237558548731))"
36875,"POLYGON ((14.254318838032303 45.237154359452, 14.254169380467339 45.2374084412358, 14.253808557987 45.2375136853566, 14.253447735506661 45.2374084412358, 14.253298277941697 45.237154359452, 14.253447735506661 45.2369002776682, 14.253808557987 45.236795033547395, 14.254169380467339 45.2369002776682, 14.254318838032303 45.237154359452))"
36881,"POLYGON ((14.291422453245518 45.31751816, 14.291272783860114 45.3177722417838, 14.29091145 45.3178774859046, 14.290550116139885 45.3177722417838, 14.29040044675448 45.31751816, 14.290550116139885 45.3172640782162, 14.29091145 45.317158834095395, 14.291272783860114 45.3172640782162, 14.291422453245518 45.31751816))"
36885,"POLYGON ((14.307499199150698 45.3359062, 14.30734948117279 45.3361602817838, 14.30698803 45.3362655259046, 14.306626578827208 45.3361602817838, 14.306476860849301 45.3359062, 14.306626578827208 45.335652118216196, 14.30698803 45.33554687409539, 14.30734948117279 45.335652118216196, 14.307499199150698 45.3359062))"
36920,"POLYGON ((14.581824341424438 45.025681287986, 14.581675437004094 45.0259353697698, 14.581315949933 45.0260406138906, 14.580956462861906 45.0259353697698, 14.580807558441562 45.025681287986, 14.580956462861906 45.025427206202195, 14.581315949933 45.02532196208139, 14.581675437004094 45.025427206202195, 14.581824341424438 45.025681287986))"
36901,"POLYGON ((14.689169135098819 45.17413932, 14.689019843002848 45.1743934017838, 14.68865942 45.174498645904606, 14.688298996997153 45.1743934017838, 14.688149704901182 45.17413932, 14.688298996997153 45.1738852382162, 14.68865942 45.1737799940954, 14.689019843002848 45.1738852382162, 14.689169135098819 45.17413932))"
36929,"POLYGON ((14.513813431388543 45.116259884893, 14.513664290794893 45.1165139666768, 14.513304233551 45.1166192107976, 14.512944176307109 45.1165139666768, 14.512795035713458 45.116259884893, 14.512944176307109 45.116005803109196, 14.513304233551 45.11590055898839, 14.513664290794893 45.116005803109196, 14.513813431388543 45.116259884893))"
86142,"POLYGON ((14.529874740530465 45.1322442, 14.529725558143024 45.1324982817838, 14.5293654 45.13260352590461, 14.529005241856975 45.1324982817838, 14.528856059469534 45.1322442, 14.529005241856975 45.1319901182162, 14.5293654 45.1318848740954, 14.529725558143024 45.1319901182162, 14.529874740530465 45.1322442))"
39003,"POLYGON ((14.32766510722449 45.356069830192, 14.327515335907862 45.3563239119758, 14.327153755964 45.3564291560966, 14.326792176020138 45.3563239119758, 14.32664240470351 45.356069830192, 14.326792176020138 45.3558157484082, 14.327153755964 45.355710504287394, 14.327515335907862 45.3558157484082, 14.32766510722449 45.356069830192))"
109873,"POLYGON ((14.678104330754778 45.076544566807, 14.677955293852287 45.0767986485908, 14.677595486941 45.076903892711606, 14.677235680029712 45.0767986485908, 14.677086643127222 45.076544566807, 14.677235680029712 45.0762904850232, 14.677595486941 45.0761852409024, 14.677955293852287 45.0762904850232, 14.678104330754778 45.076544566807))"
57140,"POLYGON ((14.686879111517147 45.17597359, 14.68672981461236 45.1762276717838, 14.68636938 45.1763329159046, 14.686008945387641 45.1762276717838, 14.685859648482854 45.17597359, 14.686008945387641 45.1757195082162, 14.68636938 45.175614264095394, 14.68672981461236 45.1757195082162, 14.686879111517147 45.17597359))"
36933,"POLYGON ((14.522187314789518 45.119269287319, 14.522038166329933 45.1195233691028, 14.521678090096 45.119628613223604, 14.521318013862066 45.1195233691028, 14.521168865402482 45.119269287319, 14.521318013862066 45.1190152055352, 14.521678090096 45.118909961414396, 14.522038166329933 45.1190152055352, 14.522187314789518 45.119269287319))"
36887,"POLYGON ((14.676014127045915 45.188496219283, 14.675864797298786 45.188750301066804, 14.675504283398 45.18885554518761, 14.675143769497215 45.188750301066804, 14.674994439750085 45.188496219283, 14.675143769497215 45.1882421374992, 14.675504283398 45.1881368933784, 14.675864797298786 45.1882421374992, 14.676014127045915 45.188496219283))"
65787,"POLYGON ((14.547535678268835 45.170024, 14.547386396960118 45.1702780817838, 14.547026 45.1703833259046, 14.546665603039884 45.1702780817838, 14.546516321731167 45.170024, 14.546665603039884 45.1697699182162, 14.547026 45.169664674095394, 14.547386396960118 45.1697699182162, 14.547535678268835 45.170024))"
36904,"POLYGON ((14.716803404550282 45.160465097004, 14.716654148288782 45.1607191787878, 14.716293811798 45.160824422908604, 14.715933475307217 45.1607191787878, 14.715784219045718 45.160465097004, 14.715933475307217 45.1602110152202, 14.716293811798 45.160105771099396, 14.716654148288782 45.1602110152202, 14.716803404550282 45.160465097004))"
36913,"POLYGON ((14.7185785357517 45.154091, 14.718429296185285 45.1543450817838, 14.718069 45.154450325904605, 14.717708703814715 45.1543450817838, 14.7175594642483 45.154091, 14.717708703814715 45.1538369182162, 14.718069 45.1537316740954, 14.718429296185285 45.1538369182162, 14.7185785357517 45.154091))"
54892,"POLYGON ((14.55112303076631 45.225209880655, 14.550973604607991 45.2254639624388, 14.55061285795 45.225569206559605, 14.550252111292009 45.2254639624388, 14.55010268513369 45.225209880655, 14.550252111292009 45.2249557988712, 14.55061285795 45.2248505547504, 14.550973604607991 45.2249557988712, 14.55112303076631 45.225209880655))"
36893,"POLYGON ((14.67944984073208 45.189130577544, 14.679300509320683 45.1893846593278, 14.678939991402 45.1894899034486, 14.678579473483317 45.1893846593278, 14.678430142071921 45.189130577544, 14.678579473483317 45.1888764957602, 14.678939991402 45.188771251639395, 14.679300509320683 45.1888764957602, 14.67944984073208 45.189130577544))"
54490,"POLYGON ((14.630161402302136 45.016064217758, 14.630012522891446 45.0163182995418, 14.629653096199 45.016423543662604, 14.629293669506554 45.0163182995418, 14.629144790095864 45.016064217758, 14.629293669506554 45.0158101359742, 14.629653096199 45.015704891853396, 14.630012522891446 45.0158101359742, 14.630161402302136 45.016064217758))"
36883,"POLYGON ((14.276927709045431 45.296218580104, 14.276778095887934 45.2964726618878, 14.276416897774 45.2965779060086, 14.276055699660066 45.2964726618878, 14.27590608650257 45.296218580104, 14.276055699660066 45.295964498320195, 14.276416897774 45.29585925419939, 14.276778095887934 45.295964498320195, 14.276927709045431 45.296218580104))"
88413,"POLYGON ((14.67857141562605 45.184865063713, 14.678422095404354 45.1851191454968, 14.6780616045 45.1852243896176, 14.677701113595646 45.1851191454968, 14.677551793373949 45.184865063713, 14.677701113595646 45.1846109819292, 14.6780616045 45.184505737808394, 14.678422095404354 45.1846109819292, 14.67857141562605 45.184865063713))"
36915,"POLYGON ((14.592578379180173 45.024295, 14.592429478365714 45.0245490817838, 14.59207 45.024654325904606, 14.591710521634285 45.0245490817838, 14.591561620819826 45.024295, 14.591710521634285 45.0240409182162, 14.59207 45.0239356740954, 14.592429478365714 45.0240409182162, 14.592578379180173 45.024295))"
36884,"POLYGON ((14.684579174673356 45.181887249253, 14.684429862261862 45.1821413310368, 14.684069390213 45.182246575157606, 14.68370891816414 45.1821413310368, 14.683559605752645 45.181887249253, 14.68370891816414 45.1816331674692, 14.684069390213 45.1815279233484, 14.684429862261862 45.1816331674692, 14.684579174673356 45.181887249253))"
57141,"POLYGON ((14.68489869169186 45.178722566388, 14.684749387579346 45.1789766481718, 14.684388935566 45.1790818922926, 14.684028483552654 45.1789766481718, 14.68387917944014 45.178722566388, 14.684028483552654 45.178468484604196, 14.684388935566 45.17836324048339, 14.684749387579346 45.178468484604196, 14.68489869169186 45.178722566388))"
109916,"POLYGON ((14.710600624085231 45.163968, 14.710451358646523 45.1642220817838, 14.710091 45.1643273259046, 14.709730641353477 45.1642220817838, 14.70958137591477 45.163968, 14.709730641353477 45.163713918216196, 14.710091 45.16360867409539, 14.710451358646523 45.163713918216196, 14.710600624085231 45.163968))"
36930,"POLYGON ((14.526881114283594 45.12706514, 14.526731945441547 45.1273192217838, 14.52637182 45.1274244659046, 14.526011694558452 45.1273192217838, 14.525862525716406 45.12706514, 14.526011694558452 45.1268110582162, 14.52637182 45.126705814095395, 14.526731945441547 45.1268110582162, 14.526881114283594 45.12706514))"
36907,"POLYGON ((14.683999758555915 45.178994, 14.683850453731656 45.179248081783804, 14.68349 45.17935332590461, 14.683129546268345 45.179248081783804, 14.682980241444087 45.178994, 14.683129546268345 45.1787399182162, 14.68349 45.1786346740954, 14.683850453731656 45.1787399182162, 14.683999758555915 45.178994))"
36916,"POLYGON ((14.567153163657382 45.018830647807, 14.567004277053748 45.0190847295908, 14.566644832996 45.019189973711605, 14.566285388938251 45.0190847295908, 14.566136502334617 45.018830647807, 14.566285388938251 45.0185765660232, 14.566644832996 45.018471321902396, 14.567004277053748 45.0185765660232, 14.567153163657382 45.018830647807))"
36899,"POLYGON ((14.725760201675975 45.15363515, 14.72561096330331 45.1538892317838, 14.72525067 45.153994475904604, 14.724890376696688 45.1538892317838, 14.724741138324024 45.15363515, 14.724890376696688 45.1533810682162, 14.72525067 45.153275824095395, 14.72561096330331 45.1533810682162, 14.725760201675975 45.15363515))"
36917,"POLYGON ((14.586613889284616 45.0254328, 14.586464985510634 45.0256868817838, 14.5861055 45.0257921259046, 14.585746014489366 45.0256868817838, 14.585597110715385 45.0254328, 14.585746014489366 45.025178718216196, 14.5861055 45.02507347409539, 14.586464985510634 45.025178718216196, 14.586613889284616 45.0254328))"
58684,"POLYGON ((14.548610196076774 45.168538437792, 14.548460918661505 45.1687925195758, 14.548100531101 45.168897763696606, 14.547740143540494 45.1687925195758, 14.547590866125224 45.168538437792, 14.547740143540494 45.1682843560082, 14.548100531101 45.1681791118874, 14.548460918661505 45.1682843560082, 14.548610196076774 45.168538437792))"
58683,"POLYGON ((14.582960206385305 45.025492443306, 14.58281130245618 45.0257465250898, 14.582451816571 45.025851769210604, 14.58209233068582 45.0257465250898, 14.581943426756695 45.025492443306, 14.58209233068582 45.0252383615222, 14.582451816571 45.025133117401396, 14.58281130245618 45.0252383615222, 14.582960206385305 45.025492443306))"
95631,"POLYGON ((14.712272612447306 45.162667, 14.712123350417267 45.1629210817838, 14.711763 45.1630263259046, 14.711402649582732 45.1629210817838, 14.711253387552693 45.162667, 14.711402649582732 45.1624129182162, 14.711763 45.162307674095395, 14.712123350417267 45.1624129182162, 14.712272612447306 45.162667))"
65786,"POLYGON ((14.67324771699645 45.149784386883, 14.67309848870679 45.1500384686668, 14.672738219746 45.1501437127876, 14.67237795078521 45.1500384686668, 14.67222872249555 45.149784386883, 14.67237795078521 45.1495303050992, 14.672738219746 45.149425060978395, 14.67309848870679 45.1495303050992, 14.67324771699645 45.149784386883))"
54891,"POLYGON ((14.546799516789429 45.16650584, 14.546650244700816 45.1667599217838, 14.54628987 45.1668651659046, 14.545929495299186 45.1667599217838, 14.545780223210572 45.16650584, 14.545929495299186 45.1662517582162, 14.54628987 45.166146514095395, 14.546650244700816 45.1662517582162, 14.546799516789429 45.16650584))"
36934,"POLYGON ((14.544946272777212 45.165656448857, 14.544797002914358 45.1659105306408, 14.544436633587 45.166015774761604, 14.544076264259644 45.1659105306408, 14.54392699439679 45.165656448857, 14.544076264259644 45.1654023670732, 14.544436633587 45.165297122952396, 14.544797002914358 45.1654023670732, 14.544946272777212 45.165656448857))"
54782,"POLYGON ((14.751836714390464 44.968953902836, 14.751687957310631 44.9692079846198, 14.751328825951 44.9693132287406, 14.750969694591367 44.9692079846198, 14.750820937511534 44.968953902836, 14.750969694591367 44.9686998210522, 14.751328825951 44.968594576931395, 14.751687957310631 44.9686998210522, 14.751836714390464 44.968953902836))"
99064,"POLYGON ((14.794719749329108 45.12467536344, 14.794570586736082 45.1249294452238, 14.794210476381 45.1250346893446, 14.793850366025918 45.1249294452238, 14.793701203432892 45.12467536344, 14.793850366025918 45.1244212816562, 14.794210476381 45.124316037535394, 14.794570586736082 45.1244212816562, 14.794719749329108 45.12467536344))"
65788,"POLYGON ((14.276497821959037 45.297405, 14.276348205671214 45.2976590817838, 14.275987 45.2977643259046, 14.275625794328787 45.2976590817838, 14.275476178040964 45.297405, 14.275625794328787 45.2971509182162, 14.275987 45.29704567409539, 14.276348205671214 45.2971509182162, 14.276497821959037 45.297405))"
96317,"POLYGON ((14.307956277621344 45.33457640879, 14.307806563159138 45.3348304905738, 14.307445120474 45.334935734694604, 14.307083677788862 45.3348304905738, 14.306933963326657 45.33457640879, 14.307083677788862 45.3343223270062, 14.307445120474 45.334217082885395, 14.307806563159138 45.3343223270062, 14.307956277621344 45.33457640879))"
65839,"POLYGON ((14.771361981276412 44.752348, 14.771213782791705 44.7526020817838, 14.770856 44.7527073259046, 14.770498217208296 44.7526020817838, 14.770350018723589 44.752348, 14.770498217208296 44.7520939182162, 14.770856 44.751988674095394, 14.771213782791705 44.7520939182162, 14.771361981276412 44.752348))"
86143,"POLYGON ((14.745911584896172 44.827453827739, 14.745763193440302 44.8277079095228, 14.745404944775 44.8278131536436, 14.745046696109698 44.8277079095228, 14.744898304653828 44.827453827739, 14.745046696109698 44.8271997459552, 14.745404944775 44.827094501834395, 14.745763193440302 44.8271997459552, 14.745911584896172 44.827453827739))"
36894,"POLYGON ((14.30055777937137 45.328059804387, 14.300408082134208 45.328313886170804, 14.300046681034 45.32841913029161, 14.299685279933794 45.328313886170804, 14.299535582696631 45.328059804387, 14.299685279933794 45.3278057226032, 14.300046681034 45.3277004784824, 14.300408082134208 45.3278057226032, 14.30055777937137 45.328059804387))"
97995,"POLYGON ((14.299328081340475 45.326176, 14.299178389081588 45.3264300817838, 14.298817 45.3265353259046, 14.298455610918412 45.3264300817838, 14.298305918659524 45.326176, 14.298455610918412 45.325921918216196, 14.298817 45.32581667409539, 14.299178389081588 45.325921918216196, 14.299328081340475 45.326176))"
36898,"POLYGON ((14.302639690274914 45.332331314636, 14.30248998174773 45.3325853964198, 14.302128553391 45.332690640540605, 14.30176712503427 45.3325853964198, 14.301617416507087 45.332331314636, 14.30176712503427 45.3320772328522, 14.302128553391 45.3319719887314, 14.30248998174773 45.3320772328522, 14.302639690274914 45.332331314636))"
39901,"POLYGON ((14.751334384743519 44.9685365, 14.751185628746203 44.9687905817838, 14.7508265 44.9688958259046, 14.750467371253798 44.9687905817838, 14.750318615256482 44.9685365, 14.750467371253798 44.9682824182162, 14.7508265 44.968177174095395, 14.751185628746203 44.9682824182162, 14.751334384743519 44.9685365))"
65843,"POLYGON ((14.72417859219329 44.757158218757, 14.724030381372248 44.7574123005408, 14.723672568798 44.7575175446616, 14.72331475622375 44.7574123005408, 14.723166545402709 44.757158218757, 14.72331475622375 44.7569041369732, 14.723672568798 44.756798892852395, 14.724030381372248 44.7569041369732, 14.72417859219329 44.757158218757))"
110071,"POLYGON ((14.441663197407953 45.3279568, 14.44151350044301 45.328210881783804, 14.4411521 45.32831612590461, 14.44079069955699 45.328210881783804, 14.440641002592047 45.3279568, 14.44079069955699 45.3277027182162, 14.4411521 45.3275974740954, 14.44151350044301 45.3277027182162, 14.441663197407953 45.3279568))"
39898,"POLYGON ((14.765542346307006 45.132891, 14.765393162227657 45.1331450817838, 14.765033 45.133250325904605, 14.764672837772345 45.1331450817838, 14.764523653692995 45.132891, 14.764672837772345 45.1326369182162, 14.765033 45.1325316740954, 14.765393162227657 45.1326369182162, 14.765542346307006 45.132891))"
36873,"POLYGON ((14.793981272525281 45.124628, 14.7938321100561 45.1248820817838, 14.793472 45.124987325904605, 14.7931118899439 45.1248820817838, 14.792962727474718 45.124628, 14.7931118899439 45.1243739182162, 14.793472 45.1242686740954, 14.7938321100561 45.1243739182162, 14.793981272525281 45.124628))"
36912,"POLYGON ((14.30630896694452 45.333964199471, 14.306159254100791 45.3342182812548, 14.305797815323 45.3343235253756, 14.30543637654521 45.3342182812548, 14.30528666370148 45.333964199471, 14.30543637654521 45.3337101176872, 14.305797815323 45.333604873566394, 14.306159254100791 45.3337101176872, 14.30630896694452 45.333964199471))"
95632,"POLYGON ((14.725393186250052 44.76205124, 14.725244962877142 44.7623053217838, 14.72488712 44.7624105659046, 14.724529277122858 44.7623053217838, 14.724381053749948 44.76205124, 14.724529277122858 44.7617971582162, 14.72488712 44.761691914095394, 14.725244962877142 44.7617971582162, 14.725393186250052 44.76205124))"
65842,"POLYGON ((14.737699279449519 44.823139340226, 14.737550899099473 44.8233934220098, 14.737192677246 44.823498666130604, 14.736834455392527 44.8233934220098, 14.736686075042481 44.823139340226, 14.736834455392527 44.8228852584422, 14.737192677246 44.822780014321395, 14.737550899099473 44.8228852584422, 14.737699279449519 44.823139340226))"
96318,"POLYGON ((14.299490723614499 45.326427270067, 14.299341030691615 45.3266813518508, 14.298979640007 45.326786595971605, 14.298618249322384 45.3266813518508, 14.2984685563995 45.326427270067, 14.298618249322384 45.3261731882832, 14.298979640007 45.326067944162396, 14.299341030691615 45.3261731882832, 14.299490723614499 45.326427270067))"
65850,"POLYGON ((14.758797056709167 44.760962, 14.758648836130716 44.7612160817838, 14.758291 44.7613213259046, 14.757933163869284 44.7612160817838, 14.757784943290833 44.760962, 14.757933163869284 44.7607079182162, 14.758291 44.760602674095395, 14.758648836130716 44.7607079182162, 14.758797056709167 44.760962))"
109874,"POLYGON ((14.27682580407797 45.29542, 14.27667619302739 45.2956740817838, 14.276315 45.295779325904604, 14.27595380697261 45.2956740817838, 14.275804195922031 45.29542, 14.27595380697261 45.2951659182162, 14.276315 45.295060674095396, 14.27667619302739 45.2951659182162, 14.27682580407797 45.29542))"
36908,"POLYGON ((14.30817182733163 45.336559125158, 14.308022107627432 45.3368132069418, 14.307660652287 45.3369184510626, 14.307299196946568 45.3368132069418, 14.307149477242369 45.336559125158, 14.307299196946568 45.336305043374196, 14.307660652287 45.33619979925339, 14.308022107627432 45.336305043374196, 14.30817182733163 45.336559125158))"
36914,"POLYGON ((14.301765262637037 45.329284142673, 14.301615562164088 45.329538224456805, 14.301254153252 45.32964346857761, 14.300892744339912 45.329538224456805, 14.300743043866962 45.329284142673, 14.300892744339912 45.3290300608892, 14.301254153252 45.3289248167684, 14.301615562164088 45.3290300608892, 14.301765262637037 45.329284142673))"
36911,"POLYGON ((14.300432181887913 45.326749736169, 14.300282488112883 45.3270038179528, 14.299921095371 45.3271090620736, 14.299559702629116 45.3270038179528, 14.299410008854085 45.326749736169, 14.299559702629116 45.3264956543852, 14.299921095371 45.326390410264395, 14.300282488112883 45.3264956543852, 14.300432181887913 45.326749736169))"
110069,"POLYGON ((14.488420804178682 45.309189759759, 14.488271156786581 45.3094438415428, 14.487909876023 45.309549085663605, 14.487548595259419 45.3094438415428, 14.487398947867318 45.309189759759, 14.487548595259419 45.3089356779752, 14.487909876023 45.308830433854396, 14.488271156786581 45.3089356779752, 14.488420804178682 45.309189759759))"
36906,"POLYGON ((14.27730731487171 45.290964113048, 14.277157715575598 45.2912181948318, 14.276796550926 45.2913234389526, 14.276435386276404 45.2912181948318, 14.276285786980292 45.290964113048, 14.276435386276404 45.2907100312642, 14.276796550926 45.290604787143394, 14.277157715575598 45.2907100312642, 14.27730731487171 45.290964113048))"
85921,"POLYGON ((14.745951909274185 44.82631777305, 14.745803520742848 44.8265718548338, 14.745445279138 44.826677098954605, 14.745087037533152 44.8265718548338, 14.744938649001815 44.82631777305, 14.745087037533152 44.8260636912662, 14.745445279138 44.825958447145396, 14.745803520742848 44.8260636912662, 14.745951909274185 44.82631777305))"
36900,"POLYGON ((14.30285038668595 45.33230938, 14.302700678216748 45.3325634617838, 14.30233925 45.3326687059046, 14.30197782178325 45.3325634617838, 14.301828113314048 45.33230938, 14.30197782178325 45.3320552982162, 14.30233925 45.331950054095394, 14.302700678216748 45.3320552982162, 14.30285038668595 45.33230938))"
53137,"POLYGON ((14.307293343950445 45.33466183799, 14.30714362926239 45.3349159197738, 14.306782186032 45.3350211638946, 14.306420742801611 45.3349159197738, 14.306271028113557 45.33466183799, 14.306420742801611 45.3344077562062, 14.306782186032 45.334302512085394, 14.30714362926239 45.3344077562062, 14.307293343950445 45.33466183799))"
36896,"POLYGON ((14.310066772613892 45.33738066069, 14.30991705073752 45.3376347424738, 14.309555590153 45.337739986594606, 14.30919412956848 45.3376347424738, 14.309044407692108 45.33738066069, 14.30919412956848 45.3371265789062, 14.309555590153 45.3370213347854, 14.30991705073752 45.3371265789062, 14.310066772613892 45.33738066069))"
65848,"POLYGON ((14.761667820639131 44.756363982719, 14.761519611855208 44.7566180645028, 14.761161804199 44.756723308623606, 14.760803996542792 44.7566180645028, 14.76065578775887 44.756363982719, 14.760803996542792 44.7561099009352, 14.761161804199 44.7560046568144, 14.761519611855208 44.7561099009352, 14.761667820639131 44.756363982719))"
53728,"POLYGON ((14.35080863150541 45.346907315226, 14.350658884433333 45.3471613970098, 14.350297363021 45.3472666411306, 14.349935841608666 45.3471613970098, 14.349786094536588 45.346907315226, 14.349935841608666 45.3466532334422, 14.350297363021 45.346547989321394, 14.350658884433333 45.3466532334422, 14.35080863150541 45.346907315226))"
65847,"POLYGON ((14.725441066212912 44.762047, 14.72529284285088 44.762301081783804, 14.724935 44.76240632590461, 14.72457715714912 44.762301081783804, 14.724428933787088 44.762047, 14.72457715714912 44.7617929182162, 14.724935 44.7616876740954, 14.72529284285088 44.7617929182162, 14.725441066212912 44.762047))"
52673,"POLYGON ((14.64987811130456 45.201390276074, 14.64972874771841 45.2016443578578, 14.649368152123 45.201749601978605, 14.64900755652759 45.2016443578578, 14.64885819294144 45.201390276074, 14.64900755652759 45.2011361942902, 14.649368152123 45.2010309501694, 14.64972874771841 45.2011361942902, 14.64987811130456 45.201390276074))"
36891,"POLYGON ((14.308722961155514 45.33723606, 14.308573239661479 45.3374901417838, 14.30821178 45.337595385904606, 14.307850320338522 45.3374901417838, 14.307700598844487 45.33723606, 14.307850320338522 45.3369819782162, 14.30821178 45.3368767340954, 14.308573239661479 45.3369819782162, 14.308722961155514 45.33723606))"
65849,"POLYGON ((14.725441066212912 44.762047, 14.72529284285088 44.762301081783804, 14.724935 44.76240632590461, 14.72457715714912 44.762301081783804, 14.724428933787088 44.762047, 14.72457715714912 44.7617929182162, 14.724935 44.7616876740954, 14.72529284285088 44.7617929182162, 14.725441066212912 44.762047))"
65838,"POLYGON ((14.748321767325836 44.826892198214, 14.748173377315783 44.8271462799978, 14.747815132141 44.8272515241186, 14.747456886966216 44.8271462799978, 14.747308496956164 44.826892198214, 14.747456886966216 44.826638116430196, 14.747815132141 44.82653287230939, 14.748173377315783 44.826638116430196, 14.748321767325836 44.826892198214))"
36926,"POLYGON ((14.749525980454438 44.9680521, 14.749377225713365 44.9683061817838, 14.7490181 44.968411425904605, 14.748658974286636 44.9683061817838, 14.748510219545564 44.9680521, 14.748658974286636 44.9677980182162, 14.7490181 44.9676927740954, 14.749377225713365 44.9677980182162, 14.749525980454438 44.9680521))"
65846,"POLYGON ((14.745707531345781 44.8264554, 14.745559142460163 44.8267094817838, 14.7452009 44.826814725904605, 14.744842657539838 44.8267094817838, 14.74469426865422 44.8264554, 14.744842657539838 44.8262013182162, 14.7452009 44.826096074095396, 14.745559142460163 44.8262013182162, 14.745707531345781 44.8264554))"
36888,"POLYGON ((14.30754922072784 45.334696115289, 14.307399505949164 45.3349501970728, 14.3070380625 45.3350554411936, 14.306676619050837 45.3349501970728, 14.306526904272161 45.334696115289, 14.306676619050837 45.3344420335052, 14.3070380625 45.334336789384395, 14.307399505949164 45.3344420335052, 14.30754922072784 45.334696115289))"
36927,"POLYGON ((14.749744576437802 44.967268777675, 14.74959582372813 44.9675228594588, 14.749236702919 44.96762810357961, 14.748877582109868 44.9675228594588, 14.748728829400196 44.967268777675, 14.748877582109868 44.9670146958912, 14.749236702919 44.9669094517704, 14.74959582372813 44.9670146958912, 14.749744576437802 44.967268777675))"
65840,"POLYGON ((14.76761141651209 44.7563722, 14.76746320770709 44.7566262817838, 14.7671054 44.756731525904605, 14.76674759229291 44.7566262817838, 14.766599383487911 44.7563722, 14.76674759229291 44.7561181182162, 14.7671054 44.7560128740954, 14.76746320770709 44.7561181182162, 14.76761141651209 44.7563722))"
58682,"POLYGON ((14.312322534939671 45.340099352854, 14.3121728058743 45.3403534346378, 14.311811327934 45.3404586787586, 14.311449849993702 45.3403534346378, 14.31130012092833 45.340099352854, 14.311449849993702 45.339845271070196, 14.311811327934 45.33974002694939, 14.3121728058743 45.339845271070196, 14.312322534939671 45.340099352854))"
110070,"POLYGON ((14.449377930983156 45.326781794102, 14.449228237123407 45.3270358758858, 14.448866844177 45.3271411200066, 14.448505451230591 45.3270358758858, 14.448355757370843 45.326781794102, 14.448505451230591 45.326527712318196, 14.448866844177 45.32642246819739, 14.449228237123407 45.326527712318196, 14.449377930983156 45.326781794102))"
36924,"POLYGON ((14.745834272606896 44.966478841096, 14.74568552194569 44.9667329228798, 14.745326406082 44.9668381670006, 14.74496729021831 44.9667329228798, 14.744818539557105 44.966478841096, 14.74496729021831 44.9662247593122, 14.745326406082 44.966119515191394, 14.74568552194569 44.9662247593122, 14.745834272606896 44.966478841096))"
65845,"POLYGON ((14.745707531345781 44.8264554, 14.745559142460163 44.8267094817838, 14.7452009 44.826814725904605, 14.744842657539838 44.8267094817838, 14.74469426865422 44.8264554, 14.744842657539838 44.8262013182162, 14.7452009 44.826096074095396, 14.745559142460163 44.8262013182162, 14.745707531345781 44.8264554))"
36903,"POLYGON ((14.310466189613894 45.338173, 14.310316465642456 45.3384270817838, 14.309955 45.3385323259046, 14.309593534357544 45.3384270817838, 14.309443810386107 45.338173, 14.309593534357544 45.3379189182162, 14.309955 45.33781367409539, 14.310316465642456 45.3379189182162, 14.310466189613894 45.338173))"
36895,"POLYGON ((14.309585605303582 45.33769555, 14.309435882594606 45.3379496317838, 14.30907442 45.338054875904604, 14.308712957405394 45.3379496317838, 14.308563234696418 45.33769555, 14.308712957405394 45.3374414682162, 14.30907442 45.337336224095395, 14.309435882594606 45.3374414682162, 14.309585605303582 45.33769555))"
54492,"POLYGON ((14.302052113390307 45.329728, 14.30190241174424 45.329982081783804, 14.301541 45.33008732590461, 14.30117958825576 45.329982081783804, 14.301029886609694 45.329728, 14.30117958825576 45.3294739182162, 14.301541 45.3293686740954, 14.30190241174424 45.3294739182162, 14.302052113390307 45.329728))"
36910,"POLYGON ((14.306260156394481 45.334493, 14.306110442152786 45.3347470817838, 14.305749 45.334852325904606, 14.305387557847215 45.3347470817838, 14.30523784360552 45.334493, 14.305387557847215 45.3342389182162, 14.305749 45.3341336740954, 14.306110442152786 45.3342389182162, 14.306260156394481 45.334493))"
36889,"POLYGON ((14.30169553085132 45.329910183957, 14.301545828723734 45.3301642657408, 14.301184415817 45.3302695098616, 14.300823002910265 45.3301642657408, 14.300673300782679 45.329910183957, 14.300823002910265 45.329656102173196, 14.301184415817 45.32955085805239, 14.301545828723734 45.329656102173196, 14.30169553085132 45.329910183957))"
110068,"POLYGON ((14.451385979315004 45.3259515, 14.451236287649364 45.3262055817838, 14.4508749 45.326310825904606, 14.450513512350637 45.3262055817838, 14.450363820684997 45.3259515, 14.450513512350637 45.3256974182162, 14.4508749 45.3255921740954, 14.451236287649364 45.3256974182162, 14.451385979315004 45.3259515))"
